count      4295.000000
mean      10080.821183
std       33123.630445
min           0.000000
25%          97.265000
50%         833.860000
75%        5429.075000
max      488677.000000
Name: Valor, dtype: float64
Shapiro-Wilk: 0.3104, p-valor: 0.0000
Evolução temporal:
Ano
2000    13205.708750
2001    13828.418250
2002    14552.200250
2003    10651.018904
2004    10182.571325
2005    10613.364819
2006    11591.946316
2007    12255.531770
2008    12915.377788
2009    12560.138480
2010    10827.830064
2011     8833.883649
2012     9469.929655
2013     8712.767871
2014     8327.064629
2015     8503.217797
2016     8800.734613
2017     9112.320106
2018     9352.223671
2019     9809.976479
2020    10197.153937
2021    11208.977606
2022    11609.135634
2023    12962.096170
Name: Valor, dtype: float64
Taxa de crescimento anual (%):
Ano
2000          NaN
2001     4.715457
2002     5.234019
2003   -26.808189
2004    -4.398148
2005     4.230695
2006     9.220276
2007     5.724539
2008     5.384067
2009    -2.750514
2010   -13.792112
2011   -18.415014
2012     7.200072
2013    -7.995432
2014    -4.426874
2015     2.115429
2016     3.498873
2017     3.540449
2018     2.632739
2019     4.894588
2020     3.946773
2021     9.922609
2022     3.569978
2023    11.654275
Name: Valor, dtype: float64
Taxa de crescimento média: 0.39%
